A500 3 80 60 75                                                                                                                                                     
K500 1200                                                                                                                                                           
B1500 50 80                                                                                                                                                         
A500 3 80 60 75                                                                                                                                                     
K500 1200                                                                                                                                                           
B1500 50 80                                                                                                                                                         
A500 3 80 60 75                                                                                                                                                     
K500 1200                                                                                                                                                           
B1500 50 80                                                                                                                                                         
A500 3 80 60 75                                                                                                                                                     
K500 1200                                                                                                                                                           
B1500 50 80                                                                                                                                                         
A500 3 80 60 75                                                                                                                                                     
K500 1200                                                                                                                                                           
B1500 50 80                                                                                                                                                         
A500 3 80 60 75                                                                                                                                                     
K500 1200                                                                                                                                                           
B1500 50 80                                                                                                                                                         
A500 3 80 60 75                                                                                                                                                     
K500 1200                                                                                                                                                           
B1500 50 80                                                                                                                                                         
A500 3 80 60 75                                                                                                                                                     
K500 1200                                                                                                                                                           
B1500 50 80                                                                                                                                                         
A500 3 80 60 75                                                                                                                                                     
K500 1200                                                                                                                                                           
B1500 50 80                                                                                                                                                         
A500 3 80 60 75                                                                                                                                                     
K500 1200                                                                                                                                                           
B1500 50 80                                                                                                                                                         
A500 3 80 60 75                                                                                                                                                     
K500 1200                                                                                                                                                           
B1500 50 80